 1 36.80749815700338
 3 37.14702644649076
 5 37.09780901472185
 7 36.84034975612833
 9 37.05300387046824
 11 36.85267159664441
 13 36.87909450238055
 15 37.06866094890368
 17 36.76408777824488
 19 36.75462595285209
 21 36.95326011423696
 23 36.73751787570441
 25 36.60036720166903
 27 36.46629457819609
 29 36.13005563466101
 31 36.49353266430623
 33 36.13417065722845
 35 35.67215364894606
 37 35.97078767838953
 39 36.12317710435178
 41 35.54931548475876
 43 36.11129358813245
 45 35.72269597901676
 47 35.14743884329621
 49 35.4559015105246
 51 35.31936517754871
 53 35.00391795334824
 55 34.73168329376949
 57 34.62926417049318
 59 34.62691604097296
 61 34.57865572679998
 63 34.28150031350166
 65 33.87818962703791
 67 33.847340861064
 69 33.50679782141186
 71 33.56164509502754
 73 33.45140854252998
 75 32.76466748347476
 77 33.0861945167383
 79 33.11433794451882
 81 32.69553066557427
 83 32.32763290313946
 85 32.62120597175578
 87 31.86478890573069
 89 32.13646239719569
 91 31.95189857882233
 93 31.47227679543202
 95 31.91023814766444
 97 31.52521483213632
 99 31.12498448675468
 101 31.04904335689227
 103 30.80262631790362
 105 30.56105509226164
 107 30.53953318540272
 109 30.36013815480864
 111 30.18913704725881
 113 30.02114859590873
 115 29.91274167761699
 117 29.4855235098755
 119 29.75375160130523
 121 29.35538231620481
 123 29.19179983837416
 125 29.23212500012814
 127 29.26591881321615
 129 28.66880762104416
 131 28.66578518270306
 133 28.83463299937808
 135 28.61220228829121
 137 28.49749548742319
 139 27.96121917512944
 141 28.17505825973006
 143 28.01429136225136
 145 27.97331252093599
 147 28.10172892440908
 149 27.74426742298047
 151 27.79307529161337
 153 27.42741654643077
 155 27.67851943069303
 157 27.73986049159004
 159 27.61785203090737
 161 27.74297638060898
 163 27.38867802757071
 165 27.47408863657837
 167 27.062555306443
 169 27.46967861612249
 171 27.3357399839995
 173 27.01028487079861
 175 26.90194396858714
 177 27.36285286111803
 179 26.82834082668878
 181 26.79764434994849
 183 26.93887397660723
 185 27.10886441328921
 187 27.05025426999138
 189 27.05837390854455
 191 27.13694732582209
 193 27.18116478106591
 195 27.30593655008328
 197 27.11881127630549
 199 26.78127078042737
 201 27.24216439560923
 203 27.32829683046334
 205 27.28715520496711
 207 27.27305218109624
 209 27.47129597976232
 211 27.67112474287299
 213 27.42166382520185
 215 27.74898927927405
 217 27.86297912919272
 219 28.24424757063359
 221 28.22802701617343
 223 28.06082029269693
 225 28.34926317697248
 227 28.44192313331279
 229 28.65376040866424
 231 28.86136182797694
 233 29.00502489810286
 235 29.22606142376175
 237 29.20538996115562
 239 29.33659448810629
 241 29.4944764126156
 243 29.07735002104836
 245 29.56630149713115
 247 29.29707247863225
 249 29.75244063992895
 251 29.83488550391692
 253 30.5495294891591
 255 30.55007285475984
 257 30.40174127559596
 259 31.14839609706898
 261 30.79961064007474
 263 31.01418518808999
 265 31.17173353765655
 267 31.29103990506932
 269 31.74453213237946
 271 31.77192597385504
 273 32.15632951047368
 275 32.11415299852371
 277 32.2987844120563
 279 32.48027968461601
 281 32.62853955226653
 283 32.92558610880807
 285 32.6873597535799
 287 33.49409336403032
 289 33.50508843216086
 291 33.38974358143133
 293 33.4362880554896
 295 33.70044110575634
 297 34.06708026900606
 299 33.85919768894115
 301 34.17052582073966
 303 34.82851293794551
 305 34.34838943524375
 307 34.44509564148353
 309 34.73849614147287
 311 35.28643499758721
 313 35.1005394237525
 315 35.34891346660599
 317 35.55586748439046
 319 35.57805985696712
 321 35.85435954739977
 323 35.55331761856605
 325 35.76772324775684
 327 36.00119572867924
 329 36.05192850213591
 331 36.26930992819854
 333 36.41898690783211
 335 36.42850302685525
 337 36.50083874041375
 339 36.30467046408122
 341 36.70352036795114
 343 36.87916545125604
 345 36.55742311545288
 347 36.79623631171352
 349 37.03471727053485
 351 36.97751179726983
 353 36.42782671842553
 355 36.81797462456668
 357 36.79349034445292
 359 36.93887356218625
 361 36.87220115407091
 363 36.8152373980765
 365 37.01389200714891

